Confusion Matrix — PSL Alphabet Recognition
Row = True Label  |  Column = Predicted Label
================================================================================

            ++ ++GÇ¼ +¡GÇ¼ +¦GÇ¼ +«GÇ¼ +¬GÇ¼    +º +»GÇ¼ +¼GÇ¼ +½GÇ¼    +¿ +àGÇ¼ +äGÇ¼ +åGÇ¼ +æGÇ¼ +éGÇ¼ +êGÇ¼ +íGÇ¼ +üGÇ¼ +ÿGÇ¼ ¦ÆGÇ¼ ¦îGÇ¼ ¦üGÇ¼
    ++       7     0     0     0     0     0     0     0     0     0     0     0     0     0     0     0     0     0     0     0     0     0     0
 ++GÇ¼       0     5     0     0     0     0     0     0     0     0     0     0     0     0     0     0     0     0     0     0     0     0     0
 +¡GÇ¼       0     0     6     0     0     0     0     0     0     0     0     0     0     0     0     0     0     0     0     0     0     0     0
 +¦GÇ¼       0     0     0    55     0     0     0     0     0     1     0     0     0     0     0     0     0     0     0     0     0     0     0
 +«GÇ¼       0     0     0     0    11     0     0     0     0     0     0     0     0     0     0     0     0     0     0     0     0     0     0
 +¬GÇ¼       0     0     0     0     0    12     0     0     0     0     0     0     0     0     0     0     0     0     0     0     0     0     0
    +º       0     0     0     0     0     0    15     0     0     0     0     0     0     0     0     0     0     0     0     0     0     0     0
 +»GÇ¼       0     0     0     0     0     0     0    12     0     0     0     0     0     0     0     0     0     0     0     0     0     0     0
 +¼GÇ¼       0     0     0     0     0     0     0     0     8     0     0     0     0     0     0     0     0     0     0     0     0     0     0
 +½GÇ¼       0     0     0     0     0     0     0     0     0     5     0     0     0     0     0     0     0     0     0     0     0     0     0
    +¿       0     0     0     0     0     0     0     0     0     0     9     0     0     0     0     0     0     0     0     0     0     0     0
 +àGÇ¼       0     0     0     0     0     0     0     0     0     0     0    12     0     0     0     0     0     0     0     0     0     0     0
 +äGÇ¼       0     0     0     0     0     0     0     0     0     0     0     0     3     0     0     0     0     0     0     0     0     0     0
 +åGÇ¼       0     0     0     0     0     0     0     0     0     0     0     0     0    11     0     0     0     0     0     0     0     0     0
 +æGÇ¼       0     0     0     0     0     0     0     0     0     0     0     0     0     0     3     0     0     0     0     0     0     0     0
 +éGÇ¼       0     0     0     0     0     0     0     0     0     0     0     0     0     0     0    14     0     0     0     0     0     0     0
 +êGÇ¼       0     0     0     0     0     0     0     0     0     0     0     0     0     0     0     0    27     0     0     0     0     0     0
 +íGÇ¼       0     0     0     0     0     0     0     0     0     0     0     0     0     0     0     0     0     4     0     0     0     0     0
 +üGÇ¼       0     0     0     0     0     0     0     0     0     0     0     0     0     0     0     0     0     0     2     0     0     0     0
 +ÿGÇ¼       0     0     0     0     0     0     0     0     0     0     0     0     0     0     0     0     0     0     0     4     0     0     0
 ¦ÆGÇ¼       0     0     0     0     0     0     0     0     0     0     0     0     0     0     0     0     0     0     0     0    12     0     0
 ¦îGÇ¼       0     0     0     0     0     0     0     0     0     0     0     0     0     0     0     0     1     0     0     0     0    13     0
 ¦üGÇ¼       0     0     0     0     0     0     0     0     0     0     0     0     0     0     0     0     0     0     0     0     0     0     6
